37,29,28,45,49,50,26,15:10,1,6,2,3
6,21,39,48,16,11,40:10,9,4,11
32,17,3,50,40,4:6,12,11
13,32,22,44,49,48,16,36,30:6,1,7,5
29,28,33,32,22,16,40,36:7,12,1,3
37,14,28,21,41,34,45,12,15:6,9,11,8
9,41,31,43,30:9,2
42,37,6,38,9,34,22,12,18,26:7,6
6,22,27,8,4:10,6,2,7,8
20,34,45,49,48,23:6,10
5,24,21,9,49,39,11,30,19,4:12,10
37,14,46,28,38,34,22,35,18,31:4,3
42,14,21,41,18,50,43:7,10
42,1,38,12,43:12,10,9,3
42,24,14,20,34,27,39,40,26:4,3,5,2
5,1,38,9,17,31,43,40,26,23:9,3,10
14,21,18,23,4:2,9,5
46,9,13,12,35,18,31,36,47:1,9,12,11,8
10,2,27,12,7,11,36,30,19,15:5,10,2,7,11
37,29,13,17,44,16,43,36:7,3,2
24,46,9,27,49,50:10,1,6,2,3
10,1,28,32,22,12,11:2,6,7,8
24,25,6,13,27,3,50,43,23,19:9,2,4
46,29,28,38,13,44,39,35,23,4:11,4
10,42,25,33,17,39,18,43,15:6,11
37,20,41,18,31,4:5,6,11,1
5,20,17,44,49,48,16,11,26,19:4,8
24,33,2,45,44,27,50,43,23,47:9,11,4
10,14,29,45,3,26,8,30,15:12,5,8
5,25,41,22,49,31,26,19,4,15:5,4,2
25,14,1,28,17,44,27,18,15:11,10
25,46,32,45,12,30,4:6,9,3,8,4
5,10,14,44,3,50,16,43,30:2,1,4
46,13,39,16,43,8:12,8
20,48,50,43,8,30,19:4,1
42,37,35,11,26,19:6,2
25,38,41,27,11,43,4:5,2,12
24,29,1,38,45,12,23,30,19,47:5,4
5,46,2,34,45,22,49,23,47:7,8
5,32,3,48,16,31,36:12,6,8,4
24,21,33,9,13,3,36:3,7,11,9
24,25,33,17,22,11,8:4,11,2
10,29,1,38,12,7,50,8,36,15:10,2,11,8,4
5,10,24,38,21,9,2,17,39:1,2,7,3,8
10,25,1,27,35,11,43,26,8,4:5,10,9,2,12
38,45,39,40,19:5,10,2,12,7
20,46,9,45,31:9,12
5,42,25,14,1,28,41,3,23,36:10,6,4,11
37,46,38,9,4:6,11
42,24,46,33,9,13,2,16,36,47:2,8,9
46,29,1,33,12,7,3,31,40,15:1,8,9
5,10,1,41,34:5,7
9,22,48,26,23:9,3,5,11
24,33,13,41,45,43,23,19:2,1,6,3
29,6,38,45,22,16:10,2,5,6
14,6,28,13,11,36,47,15:1,6,9
25,46,38,41,44,35,43,8,36:7,5
25,1,9,35,48,30,4,47:3,9,4
21,13,17,22,18,50,16,40,36:2,12,9,4
5,24,33,40,15:1,7,10,11
5,39,35,50,11,43,40,47:5,1,3,10
24,41,3,11,26:11,1,3
5,37,7,43,4:6,5,8,12
5,42,14,29,1,9,35,48,43,26:7,3
37,44,31,8,36,30,4:2,7
14,20,6,38,3,43,26:6,10,11,7
24,14,41,34,7,39:9,10,1,6
5,14,1,21,41,32,39,11,26,36:7,1
37,6,21,39,50,15:4,5
24,28,33,50,11,23,30,4,15:1,11,12
25,45,17,3,16:9,12,6,7
42,37,1,2,39,35,48,23,4,15:1,12,7
1,38,33,12,31,40:10,9,12,7,4
29,28,38,9,39,35,16,31,15:8,2,6
42,20,38,49,35,31,15:12,11,9
20,9,45,11,26,15:10,6,4
14,6,44,27,48,30,4:5,10,3
42,46,28,36,19:1,12,11,8,4
5,6,9,45,39,3,18,30,47:8,1,7
10,25,46,6,33,17,48,8,4:10,9,12,3,8
24,14,46,9,39,3,31,11:9,8,5
24,41,49,16,31,19:9,6,2
14,28,38,2,32,11,8,36,19,4:5,10,6,7,4
24,9,17,22,3,35,18,26,23,8:10,12,3,11,4
10,25,28,38,33,45,7,48,30,4:10,11,7,2
25,29,13,40,23,15:3,7,4
42,25,34,39,16,26,4:2,10,12,3
42,38,32,34,45,12,43,15:1,2,4
5,37,20,38,49,39,3,18,36,47:2,1,3
46,28,13,2,49,7,8,30,47,15:1,7,3
33,44,3,35,36:10,6,7,3,8
37,46,16,31,8,30,15:11,2
6,38,9,41,44,39,18,23,8:7,8,3,6
5,42,1,40,30:6,2,11,8,4
24,25,1,50,26,30:2,11,8,3
5,24,25,33,22:6,2,9
42,37,25,38,12,39,26,30:10,6,2,12,7
6,33,41,44,39,48,18,50:12,5,10,8
2,17,44,12,16:3,2,1,12
42,37,25,14,46,2,45,49,48:10,1,3,8,4
5,17,44,35,19:11,10
10,25,21,39,47:10,3
5,25,28,3,19:1,8
37,21,41,49,36:10,11
29,38,17,27,12:7,11
34,12,26,30,15:2,3
14,38,45,36,19:6,4
20,28,27,35,15:9,2
1,38,45,12,50:1,2
5,10,37,2,44:12,4
29,33,45,3,26:8,7
17,22,12,49,7:2,12
6,13,22,18,11:3,8
24,13,40,19,47:12,9
42,46,22,39,35:12,4
24,14,6,8,47:7,8
1,2,32,39,23:10,5
10,46,38,22,23:1,7
37,20,6,17,48:12,7
10,28,9,12,50:7,5
5,42,26,23,30:9,2
37,18,50,23,15:11,5
42,28,21,27,3:1,6
1,28,33,32,27:2,9
5,20,29,18,26:11,12
14,21,2,40,47:2,8
5,28,38,13,44:9,1
24,25,46,13,19:5,6
10,20,32,12,36:3,12
44,7,31,11,30:11,10
25,45,11,26,19:3,1
5,42,46,45,8:8,5
10,42,50,40,23:2,3
32,17,27,50,47:12,10
46,38,13,2,40:10,11
13,22,27,23,30:10,6
24,6,45,44,12:11,2
14,29,33,39,16:7,9
14,46,6,18,19:4,2
9,7,18,30,47:5,10
6,32,22,27,26:2,4
45,22,44,49,11:11,8
17,22,3,30,15:3,2
13,45,50,11,40:10,8
29,2,48,11,30:9,2
37,17,18,31,40:6,8
24,6,33,13,11:10,9
46,1,21,41,8:4,6
24,39,16,11,43:12,1
28,2,32,27,26:4,10
