20,6,28,31,23:6,7,2,9
24,46,28,27,35,18,47:1,6,3,7
37,38,2,32,48,43,30:1,6,2
29,45,12,39,3,18,19:5,1
5,10,33,2,34,22,7,18,15:1,8
25,32,17,12,30,19:9,7,10,1
37,14,1,13,17,22,43,30,47:10,1,12,7,4
20,6,7,40,47:5,10,9,2,3
1,45,22,3,35,31,8,30,4,15:9,11
37,25,2,45,27,3,40:1,6,12,7,4
5,25,17,27,31,8,47:9,2,12,7,3
24,37,21,45,49,18,11,40:10,8
10,46,6,3,11,8,36,47:1,6,9,12,11
10,33,49,7,11,43,26,23,8:12,9,1
10,29,21,33,41,45,27,7,48,26:9,8
42,20,46,38,13,27,36,47:9,2
20,38,41,31,11,23,36,19:8,7,10,11
10,6,28,9,2,32,48,23,15:10,11,5
42,37,25,21,41,45,35,18,50:7,10
24,38,21,16,23:10,11
10,24,29,32,44,3,35,50,26,19:4,10,9,6
1,6,32,44,49,26,30:12,4,2
5,46,6,41,22,3,50,8:5,6,2,12,4
3,11,26,8,15:5,6,12,3
25,14,46,33,17,50,26:12,4,9
24,20,38,33,9,22,44,49,50,8:3,9,10
37,25,46,1,17,39,50,43,40,47:2,8,11
9,22,27,7,39:6,9
20,17,27,49,7,23:7,5,1
46,1,6,9,49,23,47:9,3
37,14,6,33,3,48,31,43,15:7,9,6
37,38,41,32,45,35,16:10,1,6,9,8
10,42,14,46,29,32,39,16,23:2,3
20,6,12,31,43,40,19:11,10,3
9,32,27,26,8:2,9,7
24,38,2,32,49,48,50,40:5,9,12,3,11
21,12,39,50,40,4:2,12
5,25,46,22,39,3,47:7,1
28,45,43,26,19,47:9,12,7,8,4
29,1,6,45,17,44,12,49,50,31:12,4
38,17,12,7,18,16:7,4,11,10
20,29,28,38,11,8,36,15:12,1,6
6,38,13,2,35,15:2,1
46,29,2,27,12,7,35:7,10,6,9
24,33,12,7,48,43,30:4,12
42,37,25,28,9,32,48,43,8:1,6,2,12,7
25,20,28,27,7,50,30:12,4,6,8
42,41,27,35,48,31:5,10,6,12,4
38,9,13,41,34,35,11:10,4
42,46,6,9,32,45,44,3,26,15:4,3
25,9,45,22,39,18,16,31,26:8,3,12,9
5,42,24,29,33,34,49,30:9,5
5,37,21,13,45,18,31,26,19:9,12,7,5
10,21,9,32,17,22,7,48,18,50:2,11
5,28,13,41,45:1,6,7,3,8
25,14,29,41,2:5,10,9,12,4
1,6,9,2,22,11,43,23,36,15:2,4,11
24,37,41,49,7,35,50,19,4,15:5,1,3,11
42,25,20,29,1,9,32,17,22,36:10,4,3,7
29,28,41,12,49,8:9,11,8
42,25,20,38,2,34,36,4:5,10,12,7,8
44,11,23,30,4:4,5,12,1
24,20,28,21,22,16,11,36,47:1,6,9,11,8
5,25,14,28,45,17,49,30,19,4:10,7,8,12
10,38,33,9,2,32,22,49:1,5,4
24,46,21,50,43,36,30,19,15:3,4,10
29,2,27,18,16,26:5,4
20,21,22,11,23,19:9,2,12,7,11
28,33,13,49,7,23,19,4:10,2,7,11,8
45,44,27,12,39,50,31,26,8:8,12,1,5
42,24,29,9,32,49,31,43:5,12,6
14,29,21,3,48,43,23,4:6,9
28,34,12,35,43:5,1,2,6
10,14,20,29,21,41,34,19:2,12,7,3,8
10,37,9,2,32,48,4:8,4,1,10
14,46,21,32,3:12,2,3,5
34,18,40,4,15:12,6,3,1
5,1,6,28,32,12,50,11,8:8,10,3
46,1,13,12,11,43:9,7,12,5
25,6,32,17,27,50,43:9,10,12,7
37,46,29,1,44,3,16,31,40,15:7,5,6
14,1,21,41,44,18,11,8,30:3,8,1,6
5,46,1,21,27,11:12,9,3
42,25,20,46,1,17,22,27,26,23:2,3
42,20,21,3,31,47:6,5
46,28,12,3,23:10,9,3,11,4
37,13,45,12,30:10,6,2,12,4
14,13,41,22,16,26,8,30,4,15:12,10,8,11
21,31,8,19,15:6,9,12,11,8
42,14,41,34,7,39,47,15:12,4
25,14,41,45,17,44,39,31,15:10,1
46,21,32,22,16,43,19:1,12
5,37,25,46,9,31,11,43:10,3,1,8
1,28,9,41,32,18,50,30:1,2,12,7,4
46,13,34,49,35,48,16,40,19,4:11,3,12,4
25,28,49,3,11,47:3,11,5
29,38,9,41,17,7,39,15:9,3,12
20,32,3,48,11,36,4:6,7,2
28,21,22,44,12,49,16,11,4,47:9,6
42,21,2,34,44,7,15:5,12
